10
13
0
0
0
0
0
0
0
0
-1
0
0
0
1
0
-1
0
0
0
1
0
0
-1
1
0
1
0
0
0
0
0
-1
0
0
0
1
0
0
0
0
0
0
0
1
1
-1
0
0
1
-1
-1
0
0
0
0
0
0
0
0
0
0
0
0
0
0
2
1
0
0
1
0
0
0
1
0
0
0
0
0
1
0
-1
0
0
0
-1
0
0
0
0
-1
-1
0
0
0
0
0
-1
-1
-1
-1
10
3 5 6 4
5
35
45
55
54
64
4 3 6 4
4
43
53
63
64
6 3 6 4
2
63
64
3 1 6 4
7
31
41
51
52
53
63
64
5 2 6 4
4
52
53
54
64
0 9 6 4
12
9
19
29
28
27
26
36
46
56
55
54
64
5 7 6 4
5
57
56
55
54
64
0 6 6 4
9
6
16
26
36
46
56
55
54
64
3 4 6 4
6
34
35
45
55
54
64
2 7 6 4
8
27
37
36
46
56
55
54
64
