10
13
0
0
0
0
0
0
0
0
-1
0
0
0
1
0
-1
0
0
2
1
0
0
-1
1
0
1
0
0
0
0
0
-1
0
0
0
1
0
0
0
0
0
0
0
1
1
-1
0
0
1
-1
-1
0
0
0
0
0
0
0
0
0
0
0
0
0
0
0
1
0
0
1
0
0
0
1
0
0
0
0
0
1
0
-1
0
0
0
-1
0
0
0
0
-1
-1
0
0
0
0
0
-1
-1
-1
-1
10
2 7 1 7
2
27
17
0 1 1 7
8
1
2
3
4
5
6
16
17
2 6 1 7
3
26
16
17
5 4 1 7
8
54
55
45
35
25
15
16
17
6 2 1 7
11
62
63
64
54
55
45
35
25
15
16
17
3 8 1 7
4
38
28
27
17
0 5 1 7
4
5
6
7
17
6 0 1 7
13
60
61
62
63
64
54
55
45
35
25
26
27
17
9 5 1 7
11
95
85
86
76
66
56
46
36
26
27
17
9 5 1 7
11
95
85
86
76
66
56
46
36
26
27
17
