10
13
0
0
0
0
0
0
0
0
-1
0
0
0
1
0
-1
0
0
0
1
0
0
-1
1
0
1
0
0
0
0
0
-1
0
0
0
1
0
0
0
0
0
0
0
1
1
-1
0
0
1
-1
-1
0
0
0
0
0
0
0
0
0
0
0
0
0
0
0
1
0
0
1
0
0
0
1
0
0
0
0
0
1
0
-1
0
0
0
-1
0
0
2
0
-1
-1
0
0
0
0
0
-1
-1
-1
-1
10
1 5 8 7
10
15
25
26
36
46
56
66
76
86
87
2 4 8 7
10
24
34
35
45
55
56
66
67
77
87
4 5 8 7
7
45
55
56
57
67
77
87
7 8 8 7
3
78
77
87
7 9 8 7
4
79
78
77
87
3 9 8 7
10
39
38
37
36
46
56
66
67
77
87
1 3 8 7
14
13
3
4
5
15
25
35
45
46
56
57
67
77
87
4 8 8 7
0
8 0 8 7
0
9 1 8 7
8
91
92
93
94
95
85
86
87
