10
13
0
0
0
0
0
0
0
0
-1
0
0
0
1
0
-1
0
0
0
1
0
0
-1
1
0
1
0
0
0
2
0
-1
0
0
0
1
0
0
0
0
0
0
0
1
1
-1
0
0
1
-1
-1
0
0
0
0
0
0
0
0
0
0
0
0
0
0
0
1
0
0
1
0
0
0
1
0
0
0
0
0
1
0
-1
0
0
0
-1
0
0
0
0
-1
-1
0
0
0
0
0
-1
-1
-1
-1
10
8 2 2 8
13
82
72
62
63
53
54
55
45
35
36
37
38
28
6 2 2 8
11
62
63
64
54
55
45
35
25
26
27
28
7 5 2 8
9
75
65
55
56
46
36
37
38
28
9 2 2 8
14
92
93
94
95
85
86
76
66
56
46
36
37
38
28
8 3 2 8
12
83
73
74
64
54
55
45
35
36
37
38
28
4 1 2 8
12
41
42
43
53
54
55
45
35
36
37
38
28
4 1 2 8
12
41
42
43
53
54
55
45
35
36
37
38
28
8 8 2 8
11
88
78
68
67
57
56
46
36
37
38
28
8 4 2 8
0
5 5 2 8
7
55
45
35
36
37
38
28
