10
13
0
0
0
0
0
0
2
0
-1
0
0
0
1
0
-1
0
0
0
1
0
0
-1
1
0
1
0
0
0
0
0
-1
0
0
0
1
0
0
0
0
0
0
0
1
1
-1
0
0
1
-1
-1
0
0
0
0
0
0
0
0
0
0
0
0
0
0
0
1
0
0
1
0
0
0
1
0
0
0
0
0
1
0
-1
0
0
0
-1
0
0
0
0
-1
-1
0
0
0
0
0
-1
-1
-1
-1
10
9 5 0 6
11
95
85
86
76
66
56
46
36
26
16
6
6 4 0 6
9
64
65
55
45
35
25
15
5
6
0 2 0 6
5
2
3
4
5
6
3 8 0 6
6
38
28
27
17
7
6
9 6 0 6
0
5 9 0 6
9
59
58
57
56
46
36
26
16
6
2 3 0 6
6
23
24
25
15
5
6
8 8 0 6
11
88
78
68
67
57
56
46
36
26
16
6
1 0 0 6
8
10
11
1
2
3
4
5
6
6 0 0 6
13
60
61
62
63
64
54
55
45
35
25
15
5
6
