10
13
0
0
0
0
0
0
0
0
-1
0
0
0
1
0
-1
0
0
0
1
0
0
-1
1
0
1
0
0
0
0
0
-1
0
0
0
1
0
0
0
0
0
0
0
1
1
-1
0
0
1
-1
-1
0
0
0
0
0
0
0
0
0
0
0
0
0
0
0
1
0
0
1
0
0
2
1
0
0
0
0
0
1
0
-1
0
0
0
-1
0
0
0
0
-1
-1
0
0
0
0
0
-1
-1
-1
-1
10
6 7 7 1
10
67
66
76
75
74
73
83
82
81
71
6 9 7 1
12
69
68
78
77
76
75
74
73
83
82
81
71
1 7 7 1
13
17
16
15
25
35
45
55
54
53
63
62
61
71
1 4 7 1
0
7 5 7 1
7
75
65
64
63
62
61
71
8 9 7 1
0
9 5 7 1
7
95
94
93
92
91
81
71
3 6 7 1
10
36
46
45
55
54
53
52
51
61
71
4 2 7 1
5
42
52
62
61
71
2 9 7 1
14
29
28
27
37
36
46
45
55
54
53
52
62
61
71
