20
13
0
0
0
0
0
0
0
0
-1
0
0
0
1
0
-1
0
0
0
1
0
0
-1
1
0
1
0
0
0
0
0
-1
0
0
0
1
0
0
0
0
0
0
0
1
1
-1
0
0
1
-1
-1
0
0
0
0
0
0
0
0
0
0
0
0
0
0
0
1
0
0
1
0
0
0
1
0
0
0
0
0
1
0
-1
0
0
0
-1
0
0
0
0
-1
-1
0
0
0
0
0
-1
-1
-1
-1
0
0
-1
0
-1
-1
0
0
-1
0
1
0
-1
0
0
0
0
0
-1
0
0
-1
0
-1
0
0
1
-1
0
0
0
0
0
0
-1
0
1
0
1
-1
1
0
0
0
0
0
0
0
0
-1
0
0
-1
0
-1
0
0
0
-1
0
0
0
0
0
0
0
-1
0
-1
0
-1
0
0
0
0
0
0
0
-1
0
1
0
0
1
0
-1
0
0
-1
-1
0
0
0
-1
0
1
1
-1
-1
0
-1
0
0
0
1
0
0
0
0
-1
1
0
0
0
0
0
-1
0
-1
0
-1
-1
-1
0
0
0
-1
0
0
0
0
-1
0
0
0
0
0
0
-1
0
-1
0
0
0
-1
0
0
0
0
1
0
0
0
-1
-1
1
0
0
1
0
0
-1
-1
0
0
0
1
0
0
0
0
0
1
1
1
0
0
0
1
0
0
0
-1
0
0
-1
0
0
0
0
0
0
0
-1
1
0
0
0
0
-1
0
0
-1
-1
0
0
0
0
0
0
0
0
0
0
-1
0
0
0
0
0
0
0
1
-1
0
0
0
0
0
2
1
-1
0
-1
0
0
0
0
0
0
-1
0
0
0
0
-1
0
1
0
0
0
0
-1
0
1
0
1
0
-1
0
0
1
-1
0
0
0
0
0
1
0
-1
0
0
-1
0
0
0
0
0
0
0
0
0
0
0
0
-1
-1
-1
0
-1
0
0
-1
0
0
0
1
0
-1
10
19 5 16 9
8
385
365
366
346
326
327
328
329
11 8 16 9
7
228
248
268
288
308
309
329
17 3 16 9
8
343
344
324
325
326
327
328
329
5 17 16 9
20
117
137
157
156
176
175
195
194
214
213
233
232
252
251
250
270
269
289
309
329
15 14 16 9
0
3 9 16 9
20
69
68
88
87
86
106
126
146
147
167
187
207
227
247
267
287
288
308
328
329
9 15 16 9
14
195
194
214
213
212
232
252
251
271
291
311
310
309
329
0 18 16 9
26
18
38
37
57
56
55
75
95
115
135
155
175
195
194
214
213
212
232
252
251
271
291
311
310
309
329
0 12 16 9
20
12
32
31
51
71
91
111
131
151
171
191
211
210
230
250
270
269
289
309
329
15 2 16 9
0
