20
13
0
0
0
0
0
0
0
0
-1
0
0
0
1
0
-1
0
0
0
1
0
0
-1
1
0
1
0
0
0
0
0
-1
0
0
0
1
0
0
0
0
0
0
0
1
1
-1
0
0
1
-1
-1
0
0
0
0
0
0
0
0
0
0
0
0
0
0
0
1
0
0
1
0
0
0
1
0
0
0
0
0
1
0
-1
0
0
0
-1
0
0
0
0
-1
-1
0
0
0
0
0
-1
-1
-1
-1
0
0
-1
0
-1
-1
0
0
-1
0
1
0
-1
0
0
0
0
0
-1
0
0
-1
0
-1
0
0
1
-1
0
0
0
0
0
0
-1
0
1
0
1
-1
1
0
0
0
0
0
0
0
0
-1
0
0
-1
0
-1
0
0
0
-1
0
0
0
0
0
0
0
-1
0
-1
0
-1
0
0
0
0
0
0
0
-1
0
1
0
0
1
0
-1
0
0
-1
-1
0
0
0
-1
0
1
1
-1
-1
0
-1
0
0
0
1
0
0
0
0
-1
1
0
0
0
0
0
-1
0
-1
0
-1
-1
-1
0
0
0
-1
0
0
0
0
-1
0
0
0
0
0
0
-1
0
-1
0
0
0
-1
0
0
0
0
1
0
0
0
-1
-1
1
0
0
1
0
0
-1
-1
0
0
0
1
0
0
0
0
0
1
1
1
0
0
0
1
0
0
0
-1
0
0
-1
0
0
0
0
0
0
0
-1
1
0
0
0
0
-1
0
0
-1
-1
0
0
0
0
0
0
0
0
0
0
-1
0
0
0
0
0
0
0
1
-1
0
0
0
0
0
1
1
-1
0
-1
0
0
0
0
0
0
-1
0
0
0
0
-1
0
1
0
0
0
0
-1
0
1
0
1
0
-1
0
0
1
-1
0
0
0
0
0
1
0
-1
0
0
-1
0
0
0
0
0
0
0
0
0
0
2
0
-1
-1
-1
0
-1
0
0
-1
0
0
0
1
0
-1
10
13 4 19 4
7
264
284
304
324
344
364
384
0 18 19 4
36
18
38
37
57
56
55
75
95
115
116
136
156
176
175
174
194
214
213
233
232
252
251
250
249
269
268
267
287
286
306
326
346
366
365
364
384
19 6 19 4
0
12 9 19 4
13
249
269
268
267
287
286
306
305
304
324
344
364
384
0 0 19 4
26
0
20
40
41
61
81
101
100
120
140
160
161
181
182
183
203
223
243
263
264
284
304
324
344
364
384
15 0 19 4
9
300
320
321
341
342
343
363
383
384
14 4 19 4
6
284
304
324
344
364
384
6 0 19 4
18
120
140
141
142
143
163
183
203
223
243
263
264
284
304
324
344
364
384
4 11 19 4
25
91
111
131
151
171
191
211
212
232
252
251
250
249
269
268
267
287
286
306
326
346
366
365
364
384
4 9 19 4
0
