20
13
0
0
0
0
0
0
0
0
-1
0
0
0
1
0
-1
0
0
0
1
0
0
-1
1
0
1
0
0
0
0
0
-1
0
0
0
1
0
0
0
0
0
0
0
1
1
-1
0
0
1
-1
-1
0
0
0
0
0
0
0
0
0
0
0
0
0
0
0
1
0
0
1
0
0
0
1
0
0
0
0
0
1
0
-1
0
0
0
-1
0
0
0
0
-1
-1
0
0
0
0
0
-1
-1
-1
-1
0
0
-1
0
-1
-1
0
0
-1
0
1
0
-1
0
0
0
0
0
-1
0
0
-1
0
-1
0
0
1
-1
0
0
0
0
0
0
-1
0
1
0
1
-1
1
0
0
0
0
0
0
0
0
-1
0
0
-1
0
-1
0
0
0
-1
0
0
0
0
0
0
0
-1
0
-1
0
-1
0
0
0
0
0
0
0
-1
0
1
0
0
1
0
-1
0
0
-1
-1
0
0
0
-1
0
1
1
-1
-1
0
-1
0
0
0
1
0
0
0
0
-1
1
0
0
0
2
0
-1
0
-1
0
-1
-1
-1
0
0
0
-1
0
0
0
0
-1
0
0
0
0
0
0
-1
0
-1
0
0
0
-1
0
0
0
0
1
0
0
0
-1
-1
1
0
0
1
0
0
-1
-1
0
0
0
1
0
0
0
0
0
1
1
1
0
0
0
1
0
0
0
-1
0
0
-1
0
0
0
0
0
0
0
-1
1
0
0
0
0
-1
0
0
-1
-1
0
0
0
0
0
0
0
0
0
0
-1
0
0
0
0
0
0
0
1
-1
0
0
0
0
0
1
1
-1
0
-1
0
0
0
0
0
0
-1
0
0
0
0
-1
0
1
0
0
0
0
-1
0
1
0
1
0
-1
0
0
1
-1
0
0
0
0
0
1
0
-1
0
0
-1
0
0
0
0
0
0
0
0
0
0
0
0
-1
-1
-1
0
-1
0
0
-1
0
0
0
1
0
-1
10
5 17 10 14
9
117
137
157
156
176
175
174
194
214
4 4 10 14
0
11 0 10 14
0
7 10 10 14
8
150
151
171
191
192
212
213
214
0 7 10 14
18
7
27
47
67
68
69
70
71
91
111
131
151
171
172
192
212
213
214
7 2 10 14
20
142
143
144
145
146
147
148
128
129
130
110
130
131
132
133
153
173
174
194
214
13 6 10 14
12
266
267
268
269
270
271
251
252
232
233
234
214
4 18 10 14
0
1 16 10 14
12
36
56
55
75
95
115
135
155
175
174
194
214
17 6 10 14
16
346
347
348
328
329
309
289
269
270
250
251
252
232
233
234
214
