20
13
0
0
0
0
0
0
0
0
-1
0
0
0
1
0
-1
0
0
0
1
0
0
-1
1
0
1
0
0
0
0
0
-1
0
0
0
1
0
0
0
0
0
0
0
1
1
-1
0
0
1
-1
-1
0
0
0
0
0
0
0
0
0
0
0
0
0
0
0
1
0
0
1
0
0
0
1
0
0
0
0
0
1
0
-1
0
0
0
-1
0
0
0
0
-1
-1
0
0
0
0
0
-1
-1
-1
-1
0
0
-1
0
-1
-1
0
0
-1
0
1
0
-1
0
0
0
0
0
-1
0
0
-1
0
-1
0
0
1
-1
0
0
0
0
0
0
-1
0
1
0
1
-1
1
0
0
0
0
0
0
0
0
-1
0
0
-1
0
-1
0
0
2
-1
0
0
0
0
0
0
0
-1
0
-1
0
-1
0
0
0
0
0
0
0
-1
0
1
0
0
1
0
-1
0
0
-1
-1
0
0
0
-1
0
1
1
-1
-1
0
-1
0
0
0
1
0
0
0
0
-1
1
0
0
0
0
0
-1
0
-1
0
-1
-1
-1
0
0
0
-1
0
0
0
0
-1
0
0
0
0
0
0
-1
0
-1
0
0
0
-1
0
0
0
0
1
0
0
0
-1
-1
1
0
0
1
0
0
-1
-1
0
0
0
1
0
0
0
0
0
1
1
1
0
0
0
1
0
0
0
-1
0
0
-1
0
0
0
0
0
0
0
-1
1
0
0
0
0
-1
0
0
-1
-1
0
0
0
0
0
0
0
0
0
0
-1
0
0
0
0
0
0
0
1
-1
0
0
0
0
0
1
1
-1
0
-1
0
0
0
0
0
0
-1
0
0
0
0
-1
0
1
0
0
0
0
-1
0
1
0
1
0
-1
0
0
1
-1
0
0
0
0
0
1
0
-1
0
0
-1
0
0
0
0
0
0
0
0
0
0
0
0
-1
-1
-1
0
-1
0
0
-1
0
0
0
1
0
-1
10
3 2 7 17
20
62
63
64
65
66
67
68
69
70
71
91
92
93
94
95
115
135
155
156
157
17 6 7 17
22
346
347
327
307
287
288
268
269
249
250
251
252
232
233
234
214
194
174
175
176
156
157
12 5 7 17
18
245
246
247
248
249
250
251
252
232
212
192
172
173
174
175
176
177
157
11 17 7 17
11
237
236
235
234
214
194
174
175
155
156
157
12 3 7 17
22
243
223
224
225
245
246
247
248
249
250
251
252
232
212
192
172
173
174
175
176
177
157
12 8 7 17
15
248
249
250
251
252
232
212
192
172
173
174
175
176
177
157
4 14 7 17
7
94
114
115
116
117
137
157
11 18 7 17
0
4 2 7 17
21
82
62
63
64
65
66
67
68
69
70
71
91
92
93
94
95
115
135
155
156
157
0 18 7 17
13
18
38
37
57
56
55
75
95
115
116
117
137
157
