20
13
0
0
0
0
0
0
0
0
-1
0
0
0
1
0
-1
0
0
0
1
0
0
-1
1
0
1
0
0
0
0
0
-1
0
0
0
1
0
0
0
0
0
0
0
1
1
-1
0
0
1
-1
-1
0
0
0
0
0
0
0
0
0
0
0
0
0
0
0
1
0
0
1
0
0
0
1
0
0
0
0
0
1
0
-1
0
0
0
-1
0
0
0
0
-1
-1
0
0
0
0
0
-1
-1
-1
-1
0
0
-1
0
-1
-1
0
0
-1
0
1
0
-1
0
0
0
0
0
-1
0
0
-1
0
-1
0
0
1
-1
0
0
0
0
0
0
-1
0
1
0
1
-1
1
0
0
0
0
0
0
0
0
-1
0
0
-1
0
-1
0
0
0
-1
0
0
0
0
0
0
0
-1
0
-1
0
-1
0
0
0
0
0
0
0
-1
0
1
0
0
1
0
-1
0
0
-1
-1
0
0
0
-1
0
1
1
-1
-1
0
-1
0
0
0
1
0
0
0
0
-1
1
0
0
0
0
0
-1
0
-1
0
-1
-1
-1
0
0
0
-1
0
0
0
0
-1
0
0
0
0
0
0
-1
0
-1
0
0
0
-1
0
0
0
0
1
0
0
0
-1
-1
1
0
0
1
0
0
-1
-1
0
0
0
1
0
0
0
0
0
1
1
2
0
0
0
1
0
0
0
-1
0
0
-1
0
0
0
0
0
0
0
-1
1
0
0
0
0
-1
0
0
-1
-1
0
0
0
0
0
0
0
0
0
0
-1
0
0
0
0
0
0
0
1
-1
0
0
0
0
0
1
1
-1
0
-1
0
0
0
0
0
0
-1
0
0
0
0
-1
0
1
0
0
0
0
-1
0
1
0
1
0
-1
0
0
1
-1
0
0
0
0
0
1
0
-1
0
0
-1
0
0
0
0
0
0
0
0
0
0
0
0
-1
-1
-1
0
-1
0
0
-1
0
0
0
1
0
-1
10
19 11 13 14
20
391
371
351
350
330
310
290
270
271
272
252
232
233
234
235
236
256
276
275
274
16 8 13 14
18
328
329
309
289
269
249
250
251
252
232
233
234
235
236
256
276
275
274
4 12 13 14
20
92
93
94
95
115
135
136
156
176
175
174
194
214
215
235
236
256
276
275
274
17 16 13 14
7
356
336
316
296
295
275
274
14 16 13 14
4
296
295
275
274
12 8 13 14
14
248
249
250
251
252
232
233
234
235
236
256
276
275
274
9 2 13 14
23
182
183
203
223
224
225
245
246
247
248
249
250
251
252
232
233
234
235
236
256
276
275
274
12 2 13 14
22
242
243
223
224
225
245
246
247
248
249
250
251
252
232
233
234
235
236
256
276
275
274
5 7 13 14
24
107
106
126
146
147
167
187
207
208
228
229
249
250
251
252
232
233
234
235
236
256
276
275
274
14 0 13 14
30
280
300
320
321
322
342
343
344
324
325
305
306
307
287
267
268
269
249
250
251
252
232
233
234
235
236
256
276
275
274
