20
13
0
0
0
0
0
0
0
0
-1
0
0
0
1
0
-1
0
0
0
1
0
0
-1
1
0
1
0
0
0
0
0
-1
0
0
0
1
0
0
0
0
0
0
0
1
1
-1
0
0
1
-1
-1
0
0
0
0
0
0
0
0
0
0
0
0
0
0
0
1
0
0
1
0
0
0
1
0
0
0
0
0
1
0
-1
0
0
0
-1
0
0
0
0
-1
-1
0
0
0
0
0
-1
-1
-1
-1
0
0
-1
0
-1
-1
0
0
-1
0
1
0
-1
0
0
0
0
0
-1
0
0
-1
0
-1
0
0
1
-1
0
0
0
0
0
0
-1
0
1
0
1
-1
1
0
0
0
0
0
0
0
0
-1
0
0
-1
0
-1
0
0
0
-1
0
0
0
0
0
0
0
-1
0
-1
0
-1
0
0
0
0
0
0
0
-1
0
1
0
0
1
0
-1
0
0
-1
-1
0
0
0
-1
0
1
1
-1
-1
0
-1
0
0
0
1
0
0
0
0
-1
1
0
0
0
0
0
-1
0
-1
0
-1
-1
-1
0
0
0
-1
0
0
0
0
-1
0
0
0
0
0
0
-1
0
-1
0
0
0
-1
0
0
0
0
1
0
0
0
-1
-1
1
0
0
1
0
0
-1
-1
0
0
0
1
2
0
0
0
0
1
1
1
0
0
0
1
0
0
0
-1
0
0
-1
0
0
0
0
0
0
0
-1
1
0
0
0
0
-1
0
0
-1
-1
0
0
0
0
0
0
0
0
0
0
-1
0
0
0
0
0
0
0
1
-1
0
0
0
0
0
1
1
-1
0
-1
0
0
0
0
0
0
-1
0
0
0
0
-1
0
1
0
0
0
0
-1
0
1
0
1
0
-1
0
0
1
-1
0
0
0
0
0
1
0
-1
0
0
-1
0
0
0
0
0
0
0
0
0
0
0
0
-1
-1
-1
0
-1
0
0
-1
0
0
0
1
0
-1
10
16 6 13 7
5
326
306
307
287
267
4 8 13 7
13
88
87
107
106
126
146
147
167
187
207
227
247
267
2 1 13 7
20
41
61
81
101
100
120
140
141
142
143
144
145
146
147
167
187
207
227
247
267
19 8 13 7
0
1 14 13 7
20
34
54
74
94
93
92
91
111
110
130
129
128
148
147
167
187
207
227
247
267
2 14 13 7
19
54
74
94
93
92
91
111
110
130
129
128
148
147
167
187
207
227
247
267
0 7 13 7
16
7
27
26
46
66
86
106
126
146
147
167
187
207
227
247
267
2 3 13 7
16
43
63
64
65
85
86
106
126
146
147
167
187
207
227
247
267
1 13 13 7
19
33
53
73
93
92
91
111
110
130
129
128
148
147
167
187
207
227
247
267
10 11 13 7
8
211
210
230
229
228
248
247
267
