20
13
0
0
0
0
0
0
0
0
-1
0
0
0
1
0
-1
0
0
0
1
0
0
-1
1
0
1
0
0
0
0
0
-1
0
0
0
1
0
0
0
0
0
0
0
1
1
-1
0
0
1
-1
-1
0
0
0
0
0
0
0
0
0
0
0
0
0
0
0
1
0
0
1
0
0
0
1
0
0
0
0
0
1
0
-1
0
0
0
-1
0
0
0
0
-1
2
0
0
0
0
0
-1
-1
-1
-1
0
0
-1
0
-1
-1
0
0
-1
0
1
0
-1
0
0
0
0
0
-1
0
0
-1
0
-1
0
0
1
-1
0
0
0
0
0
0
-1
0
1
0
1
-1
1
0
0
0
0
0
0
0
0
-1
0
0
-1
0
-1
0
0
0
-1
0
0
0
0
0
0
0
-1
0
-1
0
-1
0
0
0
0
0
0
0
-1
0
1
0
0
1
0
-1
0
0
-1
-1
0
0
0
-1
0
1
1
-1
-1
0
-1
0
0
0
1
0
0
0
0
-1
1
0
0
0
0
0
-1
0
-1
0
-1
-1
-1
0
0
0
-1
0
0
0
0
-1
0
0
0
0
0
0
-1
0
-1
0
0
0
-1
0
0
0
0
1
0
0
0
-1
-1
1
0
0
1
0
0
-1
-1
0
0
0
1
0
0
0
0
0
1
1
1
0
0
0
1
0
0
0
-1
0
0
-1
0
0
0
0
0
0
0
-1
1
0
0
0
0
-1
0
0
-1
-1
0
0
0
0
0
0
0
0
0
0
-1
0
0
0
0
0
0
0
1
-1
0
0
0
0
0
1
1
-1
0
-1
0
0
0
0
0
0
-1
0
0
0
0
-1
0
1
0
0
0
0
-1
0
1
0
1
0
-1
0
0
1
-1
0
0
0
0
0
1
0
-1
0
0
-1
0
0
0
0
0
0
0
0
0
0
0
0
-1
-1
-1
0
-1
0
0
-1
0
0
0
1
0
-1
10
7 4 4 10
12
144
145
146
147
148
128
129
130
131
111
91
90
13 13 4 10
13
273
272
252
232
212
192
172
171
151
131
111
91
90
13 5 4 10
19
265
266
267
268
248
249
250
251
252
232
212
211
191
171
151
131
111
91
90
4 5 4 10
8
85
65
66
67
68
69
70
90
4 15 4 10
6
95
94
93
92
91
90
17 0 4 10
0
15 12 4 10
14
312
292
272
252
232
212
192
172
171
151
131
111
91
90
3 9 4 10
3
69
70
90
16 5 4 10
22
325
305
306
286
287
267
247
248
249
250
251
252
232
212
192
172
171
151
131
111
91
90
7 10 4 10
6
150
130
131
111
91
90
